2 0.312964 0.090991 0.328955 0.151351
2 0.120503 0.193694 0.236436 0.129730
2 0.337521 0.218919 0.258138 0.142342
2 0.338378 0.346396 0.254140 0.146847
2 0.120217 0.315766 0.239292 0.127027
2 0.336379 0.498649 0.252427 0.152252
2 0.127927 0.570270 0.254712 0.111712
2 0.373786 0.641892 0.295260 0.127027
2 0.119646 0.684234 0.238150 0.121622
2 0.353798 0.807658 0.311251 0.125225
2 0.330668 0.928829 0.299258 0.129730
2 0.670474 0.794595 0.311822 0.108108
2 0.609937 0.676126 0.189606 0.127027
2 0.784123 0.687838 0.167904 0.181081
2 0.704455 0.554054 0.303255 0.115315
2 0.675328 0.471171 0.320388 0.108108
2 0.671616 0.375225 0.333524 0.132432
2 0.691319 0.257207 0.335237 0.130631
2 0.698458 0.130631 0.315248 0.118919
2 0.932610 0.227027 0.134780 0.140541
2 0.928041 0.354955 0.143918 0.106306
2 0.924900 0.482883 0.150200 0.129730
2 0.933467 0.601802 0.133067 0.117117
2 0.932039 0.725225 0.135922 0.120721
2 0.926613 0.843694 0.146773 0.139640
2 0.683324 0.897748 0.343232 0.121622
