0 0.417500 0.350118 0.198333 0.266588
0 0.665667 0.308945 0.231333 0.263626
0 0.863667 0.263033 0.233333 0.279621
0 0.704500 0.656398 0.270333 0.312796
0 0.473000 0.644550 0.187333 0.223934
0 0.262833 0.656991 0.231667 0.261848
0 0.284500 0.885664 0.217667 0.228673
0 0.514667 0.882405 0.235333 0.235190
0 0.733667 0.898104 0.197333 0.203791
0 0.909667 0.877370 0.180667 0.245261
0 0.906000 0.606043 0.188000 0.232227
0 0.199500 0.427429 0.215667 0.269550
0 0.271500 0.182168 0.215667 0.260071
0 0.590167 0.086493 0.197000 0.171801
0 0.410500 0.085012 0.215667 0.154621
0 0.052833 0.350118 0.105000 0.181280
0 0.085333 0.903140 0.170000 0.184242
